451981574
1429975302
307472
1441214737
176403
1382592787
1448456469
1382592790
19673369
513356063
1382428964
31830308
501133611
2175282
1296183607
307514
19542337
27472194
307525
4108623
1395896656
209235
426291544
1388327265
514765154
574763367
1361195373
176496
1352544631
831869
1321382274
1415328133
574927251
307606
340376
1716633
507228574
340383
573125026
340391
1423946152
340394
274859
26292652
209326
274863
1403204015
484716978
515453363
17346999
553955770
1348383168
4174272
504017347
518894020
426881480
426881482
1317089738
28946894
426881487
426881489
21311956
5255637
28946902
22852057
426881500
426881502
307679
426881503
537407969
426881506
426881505
307684
446247397
501133798
36024806
501133800
26128872
407679465
1312993764
501133804
501133805
1371353582
1415819768
1368371706
461124095
1379807750
531051015
445886994
1352544796
165372
31273502
31273503
487272992
1423946275
1434268197
518894119
426881580
417247802
1389015614
1371714110
1399697984
307780
28029509
209478
433107530
1409790538
505688656
5190225
1313354324
1417818709
3879508
1446818393
549368411
701026
514765413
21312101
1352544870
459059813
566506089
407450218
442315372
407450223
446935665
28947060
5255798
209529
1342157440
1423946371
1440592517
505885317
33534607
27570832
502837906
1414083224
1313321629
494645920
31830698
423015082
16593585
1437971121
407450292
552448704
415904452
1431679690
518894283
16593612
486814412
31273679
28160720
531051217
144083
1381053140
407450325
406232
406238
26620638
1450783455
30814948
27570917
22688487
470790890
209643
21312234
21803760
510309106
1448424179
31273716
5255928
439034
1448424187
1360802561
433107714
461124355
1365914380
144148
1296151327
518894368
1320530720
1358213922
1382757155
28914470
431534894
5255987
1314960180
488256310
209719
209718
27571001
29897527
1399534395
463352636
1449669437
668479
488256319
540586821
29897546
27538254
477803343
406355
26620756
863515475
26620762
209758
1418146658
242535
176999
33469292
28160879
570340213
28095355
1336259464
560182153
209804
21803920
1384264596
518894488
539603870
33469355
1450128299
521417643
242603
471987
411349945
514765757
1407595459
1435644870
308169
514765774
534066129
1435644888
505820121
38679524
144359
505820138
555004907
27538415
28718064
28718066
421934070
1360802806
1382790135
463352828
144380
1432466432
1356248072
459944978
1380070418
519943190
1375941658
407450660
511783974
521417778
499299379
437859387
530986052
518894665
308299
28095564
521417806
530986063
1386460251
1323414620
2536540
543798371
460043372
210042
210049
308353
144513
144515
27571335
533017741
210062
1361163406
28587152
526464145
1387574419
548648087
478229656
33469593
1432794266
554284185
423015580
1433285800
210089
531051690
1418245291
1415525548
1433220278
536622264
1314010312
35566793
461124817
20657362
536098013
863515869
536098015
536622304
34125023
1379906782
1379906783
34125026
1412248805
28718313
144619
27571440
570176754
863515891
1325905146
210172
28095742
1306735870
513357062
509654281
473740555
536098061
308494
1327936784
5256469
1350874392
27571483
864498975
1388623138
526464293
1423947046
409941296
1440429367
3716408
1439905090
1356248387
3716423
440317256
536098119
1363948882
513357140
1363883359
516076896
25638240
556053856
1395144034
210281
210287
1391441275
543798652
1433810301
1451046271
1438791041
25638273
1345205638
472462728
17282443
1364800914
460043667
515454355
539014550
1425814935
518895000
1449375131
1416344989
25638306
551400874
571585964
432780721
573617587
460043703
460043704
460043705
526464442
516732347
460043708
18003388
460043710
25638340
421148106
1357395404
415086030
551335381
1425421781
448706010
1360967136
460043746
460043748
460043753
1377318388
516765174
1321580023
1393178113
1423947272
863548937
573617674
526464522
1344878089
1423947288
36025888
19674656
516929058
1379743266
419837476
1424537126
1433220650
491271737
509720124
467744316
573683265
1384527426
276035
25704014
28784206
4175444
570275417
18658920
1421457004
18658926
1414608507
410629770
22754969
27571867
516765347
29537955
1357985446
1427912360
538883755
536622768
1371780785
406730432
1348548292
502576845
567490257
466794193
1424766676
434550484
518076124
28391133
1424766684
28391135
573617890
1424766691
1393637090
1435449062
210674
1383053049
5256956
409646844
35403523
1372796676
434550534
1295824647
1351923466
3880720
1350121233
38582036
518076185
26425118
26425119
1400256289
1334327077
276269
28456751
1441642288
21116721
5224241
28391219
411907891
1368209200
411907897
555824954
535377723
546912061
426850114
522041157
536622918
374597
1306507078
276294
145223
532166475
374605
374608
374612
493041493
1328428886
562181972
374621
1385805666
466794339
534067044
466794344
408532862
25638783
1406809993
28587913
1334327180
1444591503
4208530
210837
530986903
1414346647
210842
1438136226
27506597
476428197
443070377
518895530
518895532
210866
32192436
1341601718
1392719801
1357887419
5257150
5257154
210884
461846471
29734857
1326987219
574928854
1380464602
1409136605
1358247909
463157222
1451669479
1392752613
1416378346
1399076843
1371617260
1381644279
1447081978
1360902138
515389440
421148673
27867140
461518855
574928903
27965452
1414051856
145424
1417558044
453130276
28850212
112678
518895654
374826
27506733
461518895
17086516
1386002493
548649021
455653437
79938
518895684
211015
502839372
864041038
19150930
19150931
1416542292
434550872
374875
426850398
25639007
25639009
41629793
1407268967
374890
1390065771
29800567
34125945
1441183869
374910
1387608205
28031119
544553108
518895765
460241049
470759584
511391907
536623272
405485737
4176043
518895787
2177197
145586
409647285
530397372
566442172
36616388
536099018
1434958026
1386559704
26294503
276711
37239018
28850411
375020
27867372
22821100
1356511474
1391638771
498710786
27867397
33241356
518895890
27867410
211222
421148953
27506983
375085
5093684
27867449
375100
536099137
546715971
480426313
535869772
470759757
488388942
276822
536099160
536099163
1423751516
276830
16660836
1391638888
27867503
32717172
1437055350
1356806520
518895995
375168
29047169
1387608452
18299274
536623501
422132112
2308499
1386887580
461519272
276904
428095913
424262056
38582705
25639351
521877943
1435253178
485964226
276936
501266889
493042121
566442442
509753804
1306507727
1441806801
1451145684
485964248
28850659
518896101
20036073
1379416556
1365785070
503855598
35437042
448707059
480426488
29178366
375295
566442496
489110016
276995
518896134
276999
422132237
402668045
22854159
525122066
455358996
1620506
27671067
1379252766
375328
1379252768
1377450530
462895657
1334295081
462895662
32619054
1451145776
864107063
32619064
375352
28850746
464009783
1427487288
1356511808
428390981
1394391626
1400453707
536623692
464009811
32619105
375394
528005734
1386887797
277111
409647737
862239356
408140415
28949121
28949129
1334295185
28785310
21674656
20953761
1323350688
468007598
550124215
1391639224
1343109819
1335802558
422132414
463157952
1403435714
1364343491
1446329034
492092111
1406483152
26524369
1396488917
515947224
497400537
16431842
1357953768
1426733801
21609195
28785388
26524402
518896371
26131191
26524408
515816187
1386461950
541670143
1425619718
277260
29539085
16431885
19610381
41630480
409647889
1451735823
1450982169
466369306
1438825241
515816220
1325349670
1325349674
277302
476625725
1430633278
1442528063
26524510
410925920
1320336229
35437414
1349892968
26491753
1425587051
1341733740
35470197
422132597
277367
424262521
41663362
424262531
1416772486
277382
417250187
427015054
29932432
563264413
28949412
521780143
16432049
16432052
27540404
515816380
28949444
486194121
113610
3947467
28457932
16432073
375762
28457938
29473749
486194136
531381209
375774
1403501535
492092383
1314438112
1345338338
525319156
343031
34749433
520928254
343054
441359
4340758
473873431
4340760
343065
473873434
26524701
801827
548650022
461519911
4078631
477936681
33471531
519715894
439139384
492092475
439139390
1432632388
2309191
545799244
34880590
277584
1403272274
277586
1410579548
441442
1376140391
566443114
480427115
511229034
493042797
1422212205
1434631277
375917
1395113072
1321385074
28884097
1370897537
550616199
529546384
1390853266
566443167
32717985
28196001
566443169
566443170
566443173
566443174
1445313712
422132912
485964978
26361010
277686
1449213110
1434893499
441532
34913468
1417166015
416890049
1393638594
31997127
441552
499465427
18824409
1383677145
492256479
470760690
1305459957
1309981943
417250561
1344814341
277766
1444101384
212233
573848842
27901209
499793180
1365490975
16858400
1420082472
277801
1386921258
435305771
27901231
1383972145
1353301300
1309130038
33340727
277822
480427338
1299889486
1426111823
20954450
28949843
564247897
473742686
571948387
114024
31341931
417250673
17939827
1360870772
564247926
446512502
441722
512376195
1322892676
33668486
1338490248
1440923017
2080139
5127563
5356944
28949906
212376
1366506904
29572506
417250724
1367358886
27639209
1442528693
212412
417250758
1429716422
476659144
1321385420
343502
212430
1396162005
440090070
25640406
551337431
41631191
34586075
20200923
1396162013
1367326171
27770339
502119908
439139814
439139817
430685673
567098859
512376300
28884460
560184821
2309623
1341210106
28524032
343557
1334296072
1408220694
1334296095
34749984
452804131
430685732
483671599
30064175
550616628
35307062
25542198
474922552
1410154047
4341314
2080326
29572689
26197585
147030
1382170200
1450163801
30621273
1359232604
1382596189
417250909
417250911
5258844
376417
417250913
1421033057
567098986
1334296172
513359473
31473269
454966906
31997564
454966913
29572738
573652613
25640582
30064263
27180681
29343372
1334296208
30621332
536624791
1408941727
1408941731
212652
864534194
1321385655
22494904
554090168
22691514
545799869
550616768
114369
29572804
33111753
420069067
1378762448
1430240976
446512853
114389
1387183835
114397
30064351
426852063
1420312291
1413988070
2866921
28557036
448184048
1371094770
519913203
4964085
410042104
1446035192
31997691
420069116
41664255
1451638538
1408122638
1444691726
1401863952
36388624
27836179
476987164
1321385758
1322041120
1449344800
25706277
25706279
464863017
25706282
25706285
448741168
37240629
1296645941
1438990136
376635
562675516
463159103
487210825
475479888
562118482
1384562517
1406648156
448741213
551337833
1412022124
1380269941
245625
1436270458
1410416506
26492802
41500546
422428548
419250051
27901832
1375879066
551600027
1325711261
28819359
1373028256
1444233119
33111975
30621618
1403305909
442300
541310912
500613058
466370500
532332486
557072329
114636
21151698
472137692
472137696
472137697
1426898916
1372897252
212964
1424343020
27901933
1325711344
1325711347
1325711349
519913462
2867202
1376075781
29769734
999433
410042379
1382367245
420134926
472137749
1367392279
548651034
552681508
516735019
1372471346
114741
464797752
1341964346
1325711419
1325711428
1378992201
28524618
1426112587
1440563279
1346093140
1362247767
344156
344157
507134049
344161
1421492339
1382596724
545308792
1325711491
476987525
1365393542
410042507
460112012
1298219148
376971
520274067
28786838
473940122
34324640
553795744
28754096
442545
426852531
1383219381
537936060
1406582979
1324662981
1415430342
30621896
82123
574963920
455557328
1381908691
25641187
29966565
27902187
36094190
507134193
440353010
478920958
30621954
419250437
26427658
1491212
26427662
26427663
82190
26427666
82194
41664790
82203
2081057
32358691
540968
147757
1378926893
1361789234
436355381
1322336567
41500990
463159617
33538373
1369588040
424264010
4899152
516997458
16957780
1431880021
344406
522862934
546488667
460112226
344418
1361232228
1376076133
1360642403
1373028722
29999478
344442
27804029
475521
442760
410042763
551338379
1323090317
29999506
486162836
475541
1338098071
25641368
25641369
28852648
29999529
1404879275
1377190317
1436959152
512377276
1342194108
1446396353
1428767175
541131
1436959181
1423753681
1295335891
536396243
115162
427016671
28885472
487375361
550453774
82453
410042908
28656170
28656171
28656174
425280053
82486
1406648887
1335968312
1406648891
468402747
1439121983
27902537
1434108496
435307088
24953439
31081057
1366016610
424264294
864043623
1351664230
1404715631
32785010
1417855609
32752249
1361789569
1379615362
25707139
1491585
1403699842
1414218374
1421066886
31081097
40157834
463159948
551338644
29737634
448316067
1326203555
409649830
213673
1407599274
1450328749
27804336
22201008
1391477429
1387152054
1412022967
1399112376
31081148
551338687
26624703
443078
507364050
427606738
26624725
4014814
423314146
1379255011
213737
1446855406
422429425
22463223
1405207289
427606780
507364094
521749251
1350583043
516571913
558187275
435307280
1442857745
1297498908
1432699677
27968284
213791
115502
424264503
424264505
28427066
502678329
1400259397
1413464902
1376142151
3949384
28164935
436355912
1411990343
513360721
422429521
31081299
1423950678
1373225817
409650012
1420575583
1307591526
33735528
443242
115569
1313096578
407126920
33538955
436487056
520242067
1386693530
1382794139
1391313820
1334199204
436487081
1376076714
473940907
427017134
1294910382
1422476209
16434100
546325433
1399112638
487408576
436487114
1416479690
473940941
482395086
471385043
574014422
1421231063
436487129
524272601
34834413
431080419
1401570278
1299563494
574931946
1396163566
16532462
3163120
1396163568
1396163569
526468083
82932
4998139
498320379
29737986
1299563528
1422705673
1786895
1425818639
1417856017
28427285
444548120
429769764
1432536100
33211435
1372505135
21218354
1425818677
423314485
1401832504
525157432
416531514
1425818683
1449772089
2638914
4441159
1367524424
520012872
1333150792
1098827
1426703445
528270432
1356350562
1361757289
1314931825
548586609
16139381
482395261
16139397
489931916
25642125
1321518222
25642129
541844
29803675
29803676
541853
483378334
25642139
41665696
25642144
36586669
17810607
1364411567
1419789491
28361918
27706564
1408713927
5260494
441566422
470795480
30590170
1306248414
404276447
1449542878
541928
1386726633
405226741
1370375414
546194689
551339267
1389085956
5358853
1416840452
31311107
32785674
1360807180
485508366
489997584
1442825489
1406649619
26625301
31311126
1350485275
33211676
1380238621
1362281761
31311140
32785700
28493093
35407145
1370047789
1446233390
483378483
422790454
1442071864
423314746
1294910785
1424573763
28362056
27542857
1366738250
439076170
520242509
28099920
29771089
1433584979
1364247901
1377289570
1426244966
22660461
17057139
446154100
1352975734
247165
1433421185
247172
435307908
148869
416892296
247177
29771146
443794
26199445
19711382
26199446
444745115
36586914
1360807332
1315718569
443860
446154202
29771231
1429063135
489506275
449824228
1451541989
28263911
148969
446875114
28427760
28427763
28427764
1391281654
28427771
5162502
446875144
409060875
439076364
441107979
409060879
28427797
1397573144
640545
444548647
640565
517850678
280120
436487740
547210817
26494530
1297532485
420922950
1363592785
479938130
459720276
571590234
427542109
1357825630
531842654
30590559
536954473
427542123
1334363758
448317040
489997938
247416
427542143
1368704646
28493451
1335969420
673422
16959121
29378196
448317080
409650841
526763682
409650851
29378212
1382794914
29771432
1451214506
427542186
1407272623
26592946
1407272627
40257206
408307387
464373438
28952258
247491
496617158
247495
1412482758
523355848
27903692
403392207
446875345
3950292
247512
441566936
551339740
413812448
528271077
1450952421
1309853414
26494698
567101163
1297794795
1350321905
1428702979
18794244
550520580
1383909126
528271111
3852042
427542287
863553296
565200659
1424475930
247579
439142173
1318733599
1435158305
464373539
28493605
1398654758
477841196
149297
41666353
28133171
552257337
41666363
280389
28493645
31311695
550684496
1351501649
529319768
31311706
573359962
30394202
1380239197
1410647903
640866
16435049
16435050
16435051
1393739628
16435064
1377748865
417908611
1368934278
1377519495
1377519494
1319520140
523913100
28592013
36587407
34228112
515819407
449824663
549635991
444312
34228128
28854177
26429346
493275043
417908641
477251491
28854182
32196517
552060841
531777461
1393575868
25642941
418990013
439076801
3557314
32196550
25642952
34916301
509905
3950546
346069
3950552
346073
1372342235
346075
346076
346079
1378371552
346081
346083
346085
561268709
346089
1334659052
34228207
29738999
427542524
247807
1359595520
1407895557
1407895561
407685130
1365428235
569919501
247821
40257550
523421716
25643032
247835
1383876635
1376831519
1393674271
501467169
1381615652
551340070
27871272
1343146025
551340072
247864
418990139
1425786950
1425786952
501467216
413812817
1400031316
25643093
553764951
1406257254
1327057005
485967984
1428211824
1386891381
4278394
448317566
33638527
555894912
247936
116869
247945
247947
423118988
527354000
489998494
559237278
446875807
1428211873
3164322
1339836579
546261156
439142564
1404651686
28493991
32098468
1302087849
1295861930
464373943
280761
280765
1305364671
511920319
35539137
149702
22497479
3950792
544000206
554191055
1441581262
5261521
1374701777
493275349
511920347
41634014
31246559
25643236
32196838
5064939
544000236
1323911406
1354221816
1441581314
40257799
1428605192
27969800
5097737
31246600
1436961038
428591384
25643291
514672923
34916642
1417136425
1413368107
1322600749
1436961070
484755757
27937072
34916664
36587834
40257852
25643327
25643328
1359694143
18499906
462997837
84306
1402718552
29542751
1378371937
31246690
1385646451
1442466164
117107
28461430
5261697
608667
1435158946
28068286
1307822531
439142853
28953033
346576
1331841488
551340498
1380075991
1442859484
34228719
1428900336
4049399
458017274
1296550397
27937279
30394891
1442859532
434981389
1388857869
434981391
16468497
554191378
1296583188
489998870
1436076578
492390949
1447348773
1296583206
543607345
5392945
549800502
1325484613
1446791775
1591910
1449871980
1389152878
1354451573
530107004
4377220
28461702
1336789644
444058254
490687121
549800595
27937429
1408944790
1373194903
1365461660
1417136806
1366903468
549309101
1367394991
26233523
1307822772
401722038
26069686
27937466
549309116
1401899720
535612106
28560087
477913
501467877
1376406253
27937521
17517298
3951353
39635710
549309183
281345
28953350
1386040072
1375914761
1424018194
1308150564
1445284649
1821488
1370901308
150337
447925058
447925059
150338
521784134
1329122118
150345
447925066
447925067
549800783
150361
555731802
28756834
1450494818
150371
528272229
563563366
28461933
5065581
573131630
117614
1435487101
1379945341
4049791
28068737
379785
1367034768
504646547
150422
528272281
33737628
1449020316
150430
1330858912
150432
509135782
551340976
1378241458
570477491
480725948
1442827199
30854088
552160201
25906124
24300493
25906126
29379544
30854104
4344799
1336789984
542690276
1350224869
556714983
34229234
30854130
150520
1336855544
1398524923
150524
150526
412175360
1373228032
1310542851
1327975428
1342950406
528272395
1443613715
28593175
1352092696
1418316824
534072344
509135896
536890393
441437222
424496171
1494060
1296550963
554191927
504974392
31673404
1425886269
30854210
1373097027
1442466883
1297483
1383943253
4017240
150617
29019227
36392029
347230
447925342
29019232
150623
493735012
5295207
1433324655
1446235247
2411634
554191989
1418284153
28724346
150651
1344851065
150654
150667
522767500
2772113
2870420
28626072
740508
489770143
520277152
1316375729
493735090
462769331
740530
1421429947
527223995
28593339
1377324223
451169473
1403800769
529747142
482659529
740558
511921360
420400344
347355
1318571230
1397148900
526470380
546983150
1297650
422104315
740611
563563780
26430725
493735175
1313033482
1347439894
1388891420
1297699
3558691
1429392677
1361988914
1446137141
512085302
412175676
447925566
571854148
2313544
26758474
34852171
1369034061
1389874526
422104424
1335381360
4377969
1366216050
29379952
399953272
865914238
2117005
548785552
2117009
26561948
740765
545738141
1402752417
2117027
1412484524
490163629
1409535406
1407765933
1394167216
1297841
18861490
27676089
1428835774
34852287
18828737
85445
1390071242
347597
541511123
1394494933
513428953
29806043
1441156571
447925725
521326047
85491
249332
118261
85497
34852348
483937795
1357860363
548556306
1347814906
1297941
1429392929
1347702308
1404259877
1423527466
425053743
30953009
1341509171
4279861
863424055
1412222520
347705
85562
347712
85569
85571
85578
85580
569200210
569200211
569200212
569200213
30854743
450612833
547278436
347758
1397345903
492228208
85621
412175989
863489653
1415663223
424496769
479219330
1336856196
523030149
1317457541
1430376071
479219347
573591194
401723037
1313558186
1388334766
21253806
21253809
1294978740
1388793526
26562231
4083399
28823239
2870985
34229976
862768857
574836444
863489767
528273144
541511427
467390215
21253900
28987151
1307463441
479219481
1401671455
511332129
511332130
1313558307
38358820
511332133
863489830
33705768
485347113
485347116
447926063
1426313007
472141618
447926067
41602869
30854966
447926071
28921655
1400262458
21253949
1387581250
548097859
445665094
468176711
545771335
542691145
1387548489
568741706
514543436
21253958
21253966
1429338
1352912738
33410933
1336856449
1396101000
28561288
1317457805
2871185
1313558421
1435291547
1370771358
1439354783
572903330
532860839
1402818475
4968365
26496942
2871217
1336856498
4083642
36229050
36229053
36229055
22826954
5099470
463425497
643034
476598236
33378269
26857440
528273378
1343311848
454053869
476598254
1394069486
509726712
489410556
1449873414
548950024
1313558538
517918738
461525011
541249555
420401173
1417465877
1305366556
1332662300
477417503
1326862369
471158821
28692519
1317457960
528273459
565202998
1391251513
1449873468
526929981
1422676034
548556869
1350160463
1449873488
1449873493
1449873498
1449873500
447303772
460476510
1313591404
3952752
572182643
574935156
34033788
1418055805
528273535
2740360
184467
1348587670
28987543
1449873564
557633694
1449873567
26562720
470601889
447926434
564187301
30953645
535056564
435278010
863359163
460542144
1361137858
1336856777
28692687
446943445
1389088985
544231642
1381290206
475255006
1383518436
28987626
184557
460542191
1413304559
501928179
28987651
86279
509726986
1335382287
1299632400
1339216146
1397674264
1336856864
420401441
528273704
28660009
27808044
28496172
32526653
34033981
496619840
514216257
34033985
2117962
28660042
1378898254
1307103571
1382666583
86360
86363
86367
544199008
86369
1439027555
420401511
28528999
86381
1423724914
1406062963
4346235
28692862
474567044
554258821
417911175
1302090131
511332759
559829400
527520157
217501
1388433823
1368969635
409031076
484692395
1320341933
38392240
151985
482988471
499274178
1342362053
27644359
86477
1344819664
1399869906
1420972503
526307800
545346011
1449021918
31445474
1379619299
567366119
1430344167
496620009
1337971178
381433
1365398014
29544960
1429787141
29544965
1417400851
4346391
409031195
1308348956
1452233247
1368740389
27808295
28267047
578090
546722350
527487535
546722351
31445554
494064179
509530677
1436799544
862114367
526733895
1449185864
35476048
35476049
1302090321
456381014
39637593
29774430
1452233312
3986017
5165666
456381024
4379238
1332662900
406475388
1395511934
1354814079
406475394
1446630021
535024262
427610763
408277644
487379597
18829966
550654609
34722449
29414037
676508
3494560
463262368
546722490
472208062
316100
1448006342
26989255
4051656
1377981131
438981332
1377981143
1421005529
573428443
35476188
1450726114
32166628
557667045
1434800877
40915694
316152
316167
316169
31445771
31445772
1299217
446944022
446944028
24269596
482988834
446944042
1434080051
507532084
1313035063
1391842107
1422512958
3986241
420401986
86849
1353372483
152391
152392
5231448
409916250
35345243
5264222
546722655
1451971434
152428
1359663981
548852601
381821
381825
2872197
31544199
1318933384
381838
643982
349079
381849
474567580
86943
1440666528
381858
507532195
36492196
28038055
1437881256
28038058
28038062
5100462
1321391025
32166834
485413811
41636789
32166838
1424774075
33248189
1300353986
3986376
1383715787
2872271
565203928
5133273
863949788
381920
4936678
1450726379
1412846581
453268471
1306579963
1335350269
547247104
1387615240
1436668936
28267530
30987293
1348359199
2872362
509531185
36492337
29414460
316486
1306448973
316498
1380340821
1434080344
316510
1392956510
480353
30987373
1371427950
5067896
527979647
28136576
530142337
1379882113
1444140174
28267674
1444959394
1390466212
445666472
540333226
1424774318
503207093
29709502
1410815174
1447744711
1415566536
505828550
554095819
558290126
1404884182
28234970
316637
5100769
1342592226
1414157538
506942692
513791211
316654
1385125103
478303470
525063410
546723063
28923131
29480187
408212737
464508165
453268744
27514120
445666571
1442600205
316686
486855953
528864535
407000354
1434309927
484365611
36492599
553702717
514774334
185667
185668
509531459
1415566662
1367954759
564680003
26269002
185678
28661071
546723152
316756
22730069
1426052442
1302091099
185694
25843038
185697
185699
185700
1444959590
185704
185706
1444959596
185709
185712
410801521
185713
410801523
1450399091
463197560
1413338491
185726
30070142
527684994
36492681
509728140
185745
35476883
1300452757
519820694
33510814
529814942
545084839
452613551
1368380852
30987703
1397282233
5264842
5264843
1423168975
36492751
185809
36492753
525063635
185811
529814997
437605840
185815
21157332
185813
464377306
185818
185820
185821
29775322
546723298
1377129955
548885986
1347704301
437802479
410801653
445666806
472045048
500684281
1394169337
1441060344
433018366
472045056
451991041
1332696580
36492807
316938
445666827
466343434
185868
445666828
1378244110
484365842
545084946
185878
185879
185880
185884
466343453
456185374
35345951
1334859296
185892
4871718
185894
503207464
556717614
185904
185906
456185396
185908
1351603766
185912
185914
185919
185920
448065
28923458
185924
34690628
437311047
553899593
511694413
29775439
29775440
1311954513
34690640
611923
185937
410801745
1306515028
1234534
409654891
1326798446
514774639
33314416
450451057
1313920630
448119
1300089
27874938
464377471
1332041346
34723470
1390532238
186001
186002
186003
186005
186008
186010
1406686876
186014
186016
32069280
186018
186019
186021
540333734
540333737
36198060
554391213
19027628
5134005
499275445
1300747962
5134011
28923579
186046
186047
1425626819
349892
1379456709
505665222
186055
21616330
251594
509531855
489215708
437802725
1415829224
456185577
1315952365
1321424623
874229
186103
186106
31446780
186109
1413863166
514053886
1382340352
466343680
186114
500324099
186119
500913929
28923659
509728524
186125
407459600
186128
1378244378
186139
186145
33085220
186149
1378244392
28661549
553604910
186160
546985787
28661564
1300287
33937216
1335580481
34690881
1394923334
5232465
565794655
571463522
28464997
1449416554
28563317
31545205
5265278
186240
1450629000
1451644808
551114649
1317164955
186269
1444534174
509106079
29775777
4380582
571758505
1451218859
444323757
1331156910
350127
1409275821
1443616690
553310138
574347194
27678655
350145
1351112642
527620034
447076308
28465109
1361270742
1389090775
528177111
186331
1340200924
511236067
27678693
1355896807
186345
186348
545413103
33544176
27514865
27514868
29775865
1349965829
571463691
1365071885
507795470
1310906383
186385
530995221
30496792
553310243
509728806
1449678888
1318213674
446945324
399366190
1365268528
1438865460
465721397
1371789379
516642884
186436
1433786440
509728841
1361434698
36198480
1450956881
5101648
540596309
186453
1399216215
1334499416
28661853
31185003
33937527
186488
1310906489
535517304
186491
186490
1438865533
1418090625
30431364
30431365
30431366
30431367
18733192
447076485
30431370
30431368
18733198
30431374
30431376
186513
30431377
431610014
448157854
1387387040
495311013
27908267
1294817453
539941039
31152310
153784
416700601
186560
507795651
1440176324
458348749
27515086
444356814
18733268
186583
469719260
28793052
1440176366
4151537
27646196
27810037
27646198
27646199
27646197
28793080
27646202
27646205
19945726
186624
186626
19945735
1402886410
28662031
1404885266
28662037
518707486
447076645
518904105
28432684
809268
28793140
1340266806
1334761781
186683
530995517
1407408448
38689090
1434442050
1313102152
1334270281
186699
28694864
4872530
186707
4872532
4872533
4872534
4872535
505993560
4872537
5101915
4872540
28793187
28891491
530995556
186724
5265772
34167149
1413142894
579954
21223795
1438865780
25713016
1424447865
516512122
1348917629
25713022
25713024
1418877315
472045959
573430152
1392990601
31545740
26565006
554097041
459954579
1332566421
406346135
350616
1377261977
5233049
1923483
26237342
30431647
1354291617
1348688293
30431654
285095
317868
285100
1442339250
33544627
410802611
1451743671
1420646839
31152570
350651
1387157948
317885
1321392574
1293900224
32102855
26270153
1331812809
27646409
186832
26335699
186842
511236571
431610330
518511084
29743607
410802679
1385126398
506092035
416700932
88606
421091872
34167331
1446828582
350760
1336990251
556030516
509106740
481876542
410802753
1376148033
32070215
1449876039
544070223
1449876047
1449876050
509106775
1449876055
28138080
518904426
350830
29710964
485612149
350838
559110774
29710981
32922246
863492743
285321
36199053
421091989
28793502
1321392802
1407408803
1396005540
1423923875
1423202982
1377131180
1396005548
556030645
1374051000
39443131
350909
552590020
187076
1399413450
521657045
1343314651
1393547995
350942
27646687
20110046
20110049
572906215
518904553
515627753
1424743148
1316608750
28138228
187134
1368775422
1334270729
1380834060
28302100
552033047
1342954269
28138269
444324644
33479465
452614957
546724668
1407998782
27646786
521558853
518904648
1347181386
557407051
1596241
32922450
351059
1388010329
28662622
88926
864639840
22829926
532601703
4873065
285546
22829933
4873075
1429363572
1338071925
1429363574
497572729
1432673148
482172
27646851
1375853444
1417862026
514055051
351116
25648017
5299097
1436801947
1417862046
25648030
1345182627
18668453
1417862065
1430444978
1335483321
569105338
28302272
1392925633
427416520
1376705483
4971469
28892111
1326439375
1039333
29023211
407002091
470211564
187374
1351965678
39443443
351219
28138493
29744130
1361239052
187408
863493139
1421990939
27483167
485612576
351271
17194024
1342823472
28695603
28302393
27483202
27483203
27483204
444324932
27483206
1442536532
526081111
28761177
1383914586
38853722
467590240
514055266
1421859939
418602084
1433984099
418602087
418602088
36199531
506092654
26598520
428203132
4873341
4873340
4873343
418602116
28531849
441441423
1451744402
483024028
17783969
36199595
1403706540
573168813
445144239
1416387774
1331322046
405167294
527654083
475258052
1397021895
1331322055
524541136
187600
418602197
1295998176
28892385
1448631530
39443692
28892408
29482234
464674045
19553535
571464961
1336990977
26467599
26402069
415063319
187672
26402072
1432968475
1387519268
1363959080
1451744552
36199725
535223597
514055481
490429758
512613695
4873540
467164485
31645008
1384340817
253265
483024211
521493845
1441226072
1326570843
460578140
1431461211
483024225
1399840104
1423695212
1406885231
407002483
407002484
4873594
1448533371
17423740
17423742
4873602
28597640
467164552
187786
19160471
506092958
543612324
16375205
404184492
1421434285
1413143982
524148143
555933108
25714102
1384570303
1384570306
467590594
464674246
39443927
19094999
27975130
25714146
1294556650
31645164
529391087
506224111
1444961777
5234167
1451449850
32857600
507796995
482823
31546888
467394056
31546893
1377558035
464674325
512613909
561307164
187937
26598946
27876900
28859948
506224180
1349279287
31678007
507502138
28302912
1399643713
187968
441835088
1400397398
418602584
1400856154
448749148
1302290019
1395252835
464674405
464674406
26173033
1433394794
29023858
479223413
1335942780
1426022013
1386012289
1426022018
1426022019
1386012293
188051
188057
407002778
25714332
467590816
1305960097
188071
89770
25714352
36953776
25714355
1372774068
543710904
1363205817
434659011
428203719
89805
32431822
5103312
400875218
443277013
410181337
1331977945
524148450
3923697
36921075
29777652
1417862900
418602744
400875269
506650377
523001614
188175
523001618
524148501
522510114
1359568677
31514406
1295933224
188204
286510
1369825073
1422778166
5267256
404184890
1452400445
479223621
1403215687
1410490187
18210641
556064597
35807063
445505374
442589023
405167971
488267621
1379819365
1397317478
445144934
522444650
29450091
550231922
1372970873
1360617341
1403150208
1426775937
510484356
1388961672
1388961676
5201807
5201809
1436999573
450224027
32432031
1396727720
522444713
4874159
1412259763
1327456179
26468286
525721542
1440145355
1434181586
1426087898
468738013
188384
253924
1440079854
1336631279
1342496757
1338695683
188429
421486605
188432
517890064
34922517
4153366
865361943
286745
1406230561
188451
522510373
4153386
188459
1341939767
26239032
1443881018
483156032
418603076
418603077
188489
26828878
561438803
1406230612
254037
254039
418603096
254041
254047
2416737
461463653
1424220262
155753
188522
155755
1446764662
1352818807
1403445370
429482109
155780
188550
1350852745
254090
188555
432464018
465920154
18374823
418603177
427614378
188591
1368154288
27713714
1417797814
1429856441
26075328
541384898
1415078083
32628933
1358225619
1299570903
33579224
563241179
429482207
454549729
254180
1352884452
41640165
188647
155883
254191
155887
188657
286959
286966
286970
1299570939
445702397
524148990
188671
1451188481
188674
286980
1345872140
32465166
522510615
188703
4153632
1374445862
1430872359
1401905446
385322
287021
287025
29450548
473817398
287031
254265
448520506
287035
542368062
254271
155966
254270
1370153279
437608773
254285
1404330320
287057
188754
564879697
287063
287065
35283291
35447132
26075485
533455199
5267808
28959074
254309
156008
156011
522510699
254319
524149106
1409540467
1375920506
465920383
27713920
27713921
2417029
564879750
28828040
26075534
188815
406086033
1406099861
254359
26075548
26075553
1300423074
1331880361
28828074
27713963
28828076
467952048
1358848433
418603441
418603445
5366197
1305174455
411754937
27845051
1340400068
406086090
866279886
38592976
557212118
17654232
28828120
516776413
470573538
32924132
536502758
5235179
1450926575
4874736
1432084977
1361109497
254460
287231
26075648
1448043010
1300423173
287248
287251
254485
254486
507798041
1761818
1331880474
156193
254499
442009087
287280
548823601
35283508
29418037
27812406
287287
470573623
35283509
29418042
188989
16343629
1335681613
1374413391
16343632
1696336
1369727570
32957012
254548
32957014
287319
434070103
28009051
533455454
563733091
1358848617
34923114
516711018
1438573164
35447402
1426285166
254574
4874862
504652401
1696373
33579639
1334731383
1365893755
156284
254589
19292800
189072
34169489
455500439
287398
4940455
28402345
1382441642
523756204
467952303
4874932
19292852
19554998
567599802
412902075
548823743
1436902081
28566210
35513027
465920705
457761477
412902095
254672
189140
508060373
400581333
156374
460415704
34497243
1346101981
1300423391
1354425063
385781
566977275
539124479
33678081
465920775
27583241
1350656778
1406427925
1331618583
1390469916
1346069277
400876320
353066
574808875
811820
515269424
189236
189238
19292984
558261050
19292987
548823873
29713218
4875075
4875074
1369498437
4875079
4875080
27583305
400679753
4875084
287565
447079246
1417143120
467952465
490595154
28566356
28566360
5268323
5268324
5268326
866018154
509633388
156524
25650032
25650033
1382441841
4875127
29418363
400876412
5137277
479028095
557704063
545350530
1347445635
189315
522511239
465920905
189323
1396564877
453927826
468738964
1314382744
1425925018
27845535
5301152
1336796065
29418400
1439884195
866018207
385965
512385967
19194800
545088432
457761714
385973
557704117
1389454261
28468152
28468154
400876480
2188235
386001
189396
1409344469
1414783972
287719
506094568
558261233
386040
430793721
2188283
499966974
27747328
27747329
27747330
287744
26305540
36496389
287749
1452893192
1305863183
28828693
1362813974
400876567
1396073496
1409311773
1415078941
490595358
412902434
189477
27583525
4875305
4875306
4875307
1696812
255020
4875310
504685616
35447858
1374446646
1359995960
1393189946
26207292
29910080
17982528
1415701571
36103237
1367368790
1438966870
1348461655
451372123
34497630
18637919
457761891
156772
189540
1373168742
434070628
482239593
189545
412902507
1403053169
563733620
4940920
1373168761
1358554236
386173
386175
386181
353414
429450375
29418632
1367172233
522511499
1326539923
447079586
189602
1338926246
1350460585
465921195
445703343
563733684
484730037
1397679288
520676541
1407214788
415786181
415786182
17753288
465921227
34923725
1397679310
29713617
526116053
434070744
1433068762
526116066
29713635
18638050
255204
18638057
1394566377
18638059
18638060
563733742
156915
434070771
189688
1365861625
1338205441
1296590092
1428284686
1423041807
3204370
545350934
545350935
545350936
545350938
17229083
412902689
551970086
1371137319
461301042
36496695
1432544572
522511677
255294
1360028990
445867332
445867334
1297802566
445867337
458679625
1374446923
445867343
445867344
3597649
36496726
1355015513
29713754
421160291
553543014
4875626
812400
1374217593
386425
26830207
1393616255
1394402692
1451648391
28665224
1451648393
1451648394
1451648395
1451648396
476702093
1451648397
536733071
1451648398
1451648392
1450337689
353700
386469
533259686
28403111
4154790
1415767465
467953063
1426777521
386482
465593781
320950
1315169726
1426122177
1414849990
189895
5039560
1332536784
189907
467953113
570287579
29418971
29418974
571074019
1358915047
386538
386542
407889392
479716850
29779445
28665339
1403250178
32957955
222724
553543175
1441097233
28468756
189986
189987
412902950
484730421
518088247
551970360
1926723
503932484
571074119
519136840
1369564749
157263
518088273
583253
490595927
190042
157276
1329129053
447506014
157288
465921641
479422062
1413146224
41641585
1354425969
521954931
190072
1328146041
1328047738
5105272
441116287
503047809
386691
484730503
4875911
1426450065
490595991
407889561
1381754523
386717
1439884963
556066474
1386079914
21948077
1358194354
1386079926
460515000
1416193721
255677
28796621
407889615
1364616913
28665554
18015961
534931162
524543708
28731108
541648644
550661
1369073414
1384113927
1364616970
386826
386828
386829
386830
1344038671
535586576
386832
386835
386837
1436149526
26797847
386844
190241
1374086946
190246
17950509
16607021
1346758452
1697590
190270
571336514
520447817
1415505739
1697617
1375725396
524937049
1298655068
18212708
5138277
1369959
441116522
255858
1410819954
34072434
1697653
386936
479029118
421160836
421160838
438462344
1432414091
190352
534275984
190360
1318840220
545154974
255904
441116579
255907
421423014
190381
443967407
479979440
17721274
481519556
34072520
255950
409102288
31877074
1390045138
31877077
1380345824
489514978
255973
1326016489
1296558060
1333159921
190449
37906423
30500857
1314154490
450455548
529164285
1329719293
426502151
31877129
408250378
1296558091
484730895
1328146447
1424386071
1348823065
1434282010
1351411740
426502173
1447028764
190495
190499
1372350500
521955367
1337911337
354352
1367173174
1436444728
16345145
1333192765
190526
493316158
1434019904
1437165631
25159744
288838
92235
1448798283
256081
1436575829
17852504
256093
190559
92257
190563
28960877
1369303149
865036406
557607031
92280
35416186
31877243
1432610939
31877245
557148288
35448961
31090820
421423245
1371924626
421423251
1315367060
354455
92311
1346758809
33941662
1322674343
1336830123
567568561
479422643
1398663352
471754946
354500
1451649222
26142919
1451649224
1451649223
1451649226
1451649225
1451649228
1451649229
27846862
1433528528
27846868
571336918
35416283
1344563426
190690
26470630
529557738
548890860
479717618
1398663411
438462712
438462713
459925763
1341188360
1992968
31877386
504686859
92428
28240138
440101136
1337583892
16607511
1388407065
574908698
552560922
354588
354593
354601
470739241
459139374
190778
354620
29747517
453175619
29747524
493283652
29747527
460548423
493283657
454125899
22636878
547580245
550136151
1432512858
455502171
5171548
31877470
407759199
1371793760
407759201
414706021
519367019
479422828
31877484
1435134325
1329719673
428599678
526412160
488532353
289153
504686979
1373235586
1320544645
1451649416
34341349
472050059
31877515
545712526
1339550105
35023258
92569
1381755293
31877536
1449290146
31877540
29747622
479422898
409102779
451701184
29747649
1388308933
28830157
31877581
26569168
553544145
256468
256469
584155
1421470173
1301572067
28830182
424995310
442853877
31877628
31877636
1442605576
387592
31877648
28240407
536570393
34040349
1206828
1353443885
437250607
1360587311
387635
521595445
1305504315
531786301
409102911
32139848
1436936781
424995410
536570450
1698391
414706265
407759451
489122396
29747816
60008
1698413
485354105
1314777725
1426385535
560032384
387717
421423756
1301572238
28240533
92824
35678873
35678875
1355147933
1341614749
35678877
1355147934
1355147938
28568227
4876976
1452501684
1440410293
521169592
421423806
421423808
191171
60102
28830410
28830411
28830412
191179
418573011
18803411
1396304601
1440148185
223972
552430314
16607987
29747956
1432447734
1350658807
223994
35678973
16607998
35678975
191232
224000
464841478
1366518535
27978505
92939
1431464716
574679824
191248
1388800785
191252
191254
31517462
1400597273
28240672
1389751073
27552544
191268
191278
1356131126
1446079296
28732234
1333160781
60238
453176141
1384311632
453176145
516320081
191316
224086
517565282
1304882023
60263
531786601
550169452
387948
448916334
60274
1376873330
34040693
34040695
1451682680
60280
34040698
457567102
1350364033
224133
1339059081
1339648907
34040716
1395813259
125835
1366551442
431811484
26667946
28208046
26635189
531655610
158655
516746175
1600454
517565384
33516495
1352002513
1301572562
1447848928
60394
534539245
60398
553479159
531295227
1413377028
1346104327
1369828361
1448504335
191504
191508
1301212183
1371159
28765209
1600540
93213
191528
1440148520
191534
557640761
5270588
1076292
1449782341
411921480
191560
257098
1440148557
1363078221
1388833872
28208212
554200153
1365929054
27552866
29715557
1349381229
1445555315
28208244
1313107065
1351183481
1405283464
425684115
1372712088
1407970468
17427620
257202
561704129
2485441
158924
1353444558
543681750
158939
552463583
493448422
1425665256
191722
28306668
25718007
504425721
504425722
1351904513
484732162
476638467
33418501
41643271
476638472
458943753
1362128139
453176587
1351183637
1320185112
1313107233
490106148
526413094
93479
571534645
36990266
1384541499
1380412735
33418566
512617800
33418570
191819
531295576
1373236574
571338083
28798308
536243569
517533045
1451978103
1365503353
1365503354
93562
405597568
1449782659
1448537475
550137220
28274058
533392780
27553170
1406430612
863464857
504425882
523660700
29814175
29715876
22605222
552594869
5041591
515796410
1334111674
1401482684
411921855
446557635
5041604
1308782023
1332702669
438431191
411921883
1367076317
1351642592
18836961
93666
28569056
1327885809
1451191794
28798452
485355004
5041667
26177038
526904859
1442508316
5271071
1433562661
571338279
1440443944
4877892
1378479700
1309896289
472706658
1396141673
33418857
1396141677
1330933366
517566080
1344433793
1421209221
1382411919
27979408
355989
355992
1301835417
355995
1365864094
22703777
159401
5172910
536243886
1394994862
356034
468741826
494300869
520482501
480341703
566521546
450424527
571338448
22834906
451768026
1419538145
476081899
1314549485
534540013
1440968432
28864241
864513777
93948
32337668
1357999885
507014930
1357999894
425684758
1357999898
4386589
22441762
4878119
4878120
4878122
425684779
549187372
549941040
28798772
4878132
192316
548433725
404746058
404746059
561999698
618325
1397288794
1344368486
492105575
5271400
493285225
1401909095
1399156588
509276016
18214772
1314353013
28274554
35090300
534540159
192384
423227267
1346629509
1403318151
487190408
32272267
571338636
404746124
27946894
1336864660
1411674006
423227295
290720
4878242
513044387
534540206
564883379
1374154676
425684928
425684930
1361997765
28798921
462516170
1341648845
39940048
1313107926
1313107930
1320873950
126946
467595237
499675131
1379692540
1401876482
32174082
569962512
34828314
484732956
32337953
1412263970
458321961
484732973
1382576173
506196018
1449553970
1382576180
1318088760
479850552
1427107898
1327427643
480768069
480768070
1336864842
487387212
498331726
1315696725
1338962014
504492138
504492140
561279085
865726575
1404530800
29814898
356471
408055928
1311076476
1355149437
1355149438
1444606082
474574984
28143752
498331794
1426649237
1294889112
94365
34828457
32174251
1300885683
22704309
258235
192702
494858443
5238992
1381167312
534540498
33419478
28111067
574648542
1342566625
534540518
1374056687
1374056688
1374056689
32272627
399405313
494858498
27062529
1396568322
1396568325
1356132613
487190794
1374417164
550138132
28700951
1334866205
472117541
448393515
553546030
5271858
5271860
28832054
451703096
482636088
1396568386
35090756
1300885831
538538312
30830919
1443918154
1294889294
94545
1350693202
550138197
26145111
36270426
455995743
1429172582
553546087
482636134
94576
28668277
31814005
29553031
1428255120
19067286
542667160
545943963
1354428828
1396208034
17559974
539980206
94639
94646
493646263
29422008
552366521
451473846
1318089157
542667209
549941712
571339219
407007703
461074907
1386639837
1365471710
451113440
94689
571601379
1426715109
1382871530
522351083
497218032
28832241
509506034
3305969
26178041
94714
1380905486
411988502
1436709403
1331819040
506360364
17625646
17625647
1401844271
411988534
586299
33419836
33419837
517567049
33190483
567145047
567145050
567145053
567145054
1307996767
1359376992
19264098
26243686
1412264550
399340140
28111471
28308080
1430319727
1429271155
399340150
563999351
430043767
94841
29717114
563999356
26145413
430043784
193168
33190545
442495638
480768663
33223321
480768665
480768667
30569115
407761576
34828971
528478901
1294889666
467595978
448393930
447279824
414118616
22737627
515601126
549941993
5042924
94961
5239544
864711417
28406526
20050686
28406529
470774529
1423241987
1447785219
28406532
357126
5042951
1359508230
474739467
389899
28111636
1442312981
29717271
28111646
517567264
1410364201
509932349
1392177987
440464202
33715027
29750100
26211156
863138646
29750099
1311535958
1417704283
571339613
5370718
433681259
478507889
1404629875
1406432116
26145664
226176
1394963332
357253
474739593
1379464077
357263
405599119
31421331
28341142
1393357718
28341146
498758558
357279
444003233
1425896353
5043107
407761828
423228325
574288806
1444836263
1404531626
33911725
1427796911
558560181
28668855
26145721
26145723
26145724
26145725
26145726
357312
26145728
28111814
26473416
1363342291
3404766
3404770
33911781
480769019
193535
1445229567
31421442
31421443
31421454
409302035
28996630
480769052
26342428
29357087
468513829
1379628076
29357101
357424
556201010
1337226295
538768446
432698440
432698441
5239883
29848657
1326773330
30569561
1303311449
17822810
1356657763
541422691
430208102
569734247
547812462
1412559986
1425896565
421885050
426341501
466089093
1438643335
2061452
95377
475264147
409302163
439121048
491943068
1298986140
35845278
27882657
475264163
1430287528
426833066
29979822
1383691441
95410
1384477887
1418261697
17429700
464188613
1422226631
390345
28406990
4388051
95447
29848796
28341474
1383691496
405599469
405599470
95475
1342633205
1413477628
1365898499
464647429
1425863945
512357642
464647435
1444738318
39449871
567145750
457766169
433059101
1350694179
547976490
540865840
34338106
1359672637
27129154
1350202699
439121233
1336866134
504264023
864580963
518092134
1356658022
1452045674
5272940
448460145
1388410229
567145846
28341638
5272970
1378055568
468546961
1393194387
451016086
424474011
29357467
495220123
1370748318
405599648
95651
433223079
26867112
1444443563
2061739
535590318
1331819951
1431336379
405599687
1398633928
36894153
432698825
432698831
1444705752
441120217
433681887
29488628
1315698167
571340283
1388770818
515143177
522352153
29947420
466122271
29750825
447280683
1369601580
504264241
554661427
504264243
504264247
1317729847
504264248
1336866360
36664902
549320263
1381627463
31356488
504624714
1341912654
31356499
5142101
1387591255
30635613
1389065825
571340386
399341158
424474214
532772456
549320309
480769653
480769655
1387951739
1336866429
515143305
424474255
4224657
1452439191
437909145
1397651102
509343394
1447130801
1379464883
504264372
442562229
33715893
442562232
30635706
1374647996
1364391615
1415706303
227012
542897860
548206285
426342102
441120471
325336
466122460
1336866526
1351743204
5240550
1307473639
1430583016
390887
1324447466
454129387
534542064
1409382131
1319761657
39122683
816893
534542079
407435011
865040131
1363638029
500922126
515143440
505771816
481523499
29816628
512358200
39122745
39122749
517764925
433059656
534542159
96100
522647397
194405
1417082727
1370879848
1300592495
516323185
27588467
27588470
417953665
447281026
417953669
27588486
1418131335
1351219081
1336866698
35288978
572028819
1446541217
466122659
469104548
1309833126
718765
5371821
546961330
1344010163
399341494
1443592120
1374287809
26113988
1380022214
1299871688
1432778698
292815
424474576
1400436688
36861904
22738903
512358366
29816800
1370879975
34928627
1396602869
32897025
25884677
1441232903
469104649
29095947
1345976337
487454738
533788692
411236374
29816860
518682659
529823784
1388967976
1318877229
63538
37091383
439121995
518781004
570325078
63574
1210461
1438447710
22673504
458356832
1396930659
1369798757
1412266089
1305016436
63612
1367996541
26933374
1210496
555142
477821065
519338124
1418131597
63628
20707471
534542490
1356527777
63650
562460843
63661
864417970
32405683
1383954630
473692361
469104847
1413183697
784594
469104851
194769
1337325783
447281375
529823971
1358035181
20707571
519338231
63738
719102
1438808318
1421244671
547780876
31062292
1442576664
864647456
438204707
1323301155
441612583
523041065
63787
467138867
447281461
504265014
486111543
518093113
27949374
435288399
817491
1297742167
1432156509
1363343719
472152435
27556211
571832692
20707713
227724
391564
391566
1377106320
562592145
1294924176
63892
1342798229
227738
63914
441612737
554400203
448428493
1293875666
557578708
1297742298
509508063
1363343839
1931747
458324468
1405319676
512489993
3570196
1372060183
516094487
472152611
522353191
456456745
1337981483
64048
31750709
1358953021
450853439
1422883398
1377466954
32897612
512621132
459733581
439122515
467958357
1341323866
64093
1418852960
1294924388
64106
1307376239
1417509488
1433434738
2587251
64116
227957
1334246005
426343036
1433238142
28605055
64126
29719175
64136
1421572753
1391491741
864647841
1421343396
509311656
1417673385
1449851564
1449851565
1449851566
1449851567
1449851568
1425898176
509311681
496073410
1383201475
1320155847
444267215
516750031
1388968659
1297742551
32701152
1374616292
550566633
26278635
32897777
562494194
539982581
1387592437
1369930486
1411709714
1425898259
1421835031
408943384
16808729
1316256535
512359195
512359198
1378220830
1368324900
64293
36895537
400161588
4193079
64312
1428388668
64317
22707008
2587456
509311810
1386969926
1422785358
26508116
25787222
1330346841
1420688220
557579126
35847037
1417968510
408943485
1334901633
507116418
4225938
482933652
1441233819
459733917
32897951
29129632
29850531
403012527
33684399
463895473
1297742771
412187573
1422719929
64443
35847102
64447
31062977
1349254088
482999243
29588431
1382808527
64465
4946902
28802028
1294924781
29719536
1366031349
1389394944
538278914
479624200
548633609
28310544
3046419
1434057755
1388608541
556203044
293927
1434057772
464976941
1337981999
64561
326705
570326067
326708
64566
29850681
29850683
293948
29850685
1433795646
326719
64574
326722
64578
3406918
571472967
97357
556203085
326738
1302953053
415792222
29719651
522943592
22740077
400161903
64625
459078774
4160632
64634
64638
326784
400161922
512359558
1384971398
567999629
18513043
1300528275
507116696
529661081
1351253146
29129889
34274468
34274470
33291435
425295025
407927987
27491508
407927991
4226232
64699
1335590077
1397226690
470547650
470547656
470547658
470547659
27032783
4226257
529824982
529824983
27032793
1313275097
35847388
326880
523042017
28638436
29719782
550829288
654569
1407712490
1428520173
435289325
529825010
444267766
326904
29818105
556203261
494992638
34766078
40729854
1308818695
29818120
228618
487587087
64797
1441758494
32046367
864648486
523560
1331625256
64815
523567
569212210
569212211
1397620019
163123
572980533
536870202
518094139
1375468860
444267837
64829
526646591
64833
29785409
1321631043
1420819780
1374616901
564493634
518094151
32341324
326990
436698448
1439333714
1373535572
326997
1313897816
400162138
482999668
64886
1372552573
487587201
5143941
35847559
28310921
28310922
482999696
555974032
28310930
228755
555974036
555974038
22281622
28310935
64922
555974043
1426947483
555974045
1426947485
1400110511
557579695
327089
518094257
415792563
1448246710
327096
30375354
18611643
18611656
1446673879
557579748
1313308133
557579751
561970665
785902
541687281
327163
555974147
37092868
1389002255
446627347
1308818966
1308818967
1308818970
5307932
1397227040
1335819809
464944679
545947179
446627373
1390804534
65078
327225
475070014
29032001
65099
5307982
1375824
497745495
1345879643
25788001
28606052
65126
1397096046
487587444
431259256
5308028
502103677
818820
415792772
1415446154
428375694
1442545295
229010
1434386066
1423179415
1296137888
24051365
1398963879
428375722
65198
1397489326
1417313969
534544051
1384283834
22642372
392907
518094539
523981
229070
1449754320
229072
1354301141
229090
1337130734
1363967729
415792881
412319476
1337949941
468025080
327419
1344438011
443875069
327429
32341765
415792901
1303019276
520126220
431357712
415792916
415792918
26672926
65312
534445858
556269349
1409154856
163635
65334
1337032503
65337
527957820
1362919228
393021
1306459970
1360592706
786262
1376091996
35848032
28606305
2424675
417595253
528285558
417595256
558071673
1338146682
507903881
1374617484
25657229
25657233
34144145
1295548309
461864856
1447395229
1212320
498040739
505446308
417595301
229285
1357807527
1390477234
31653811
1388674995
31653813
25657274
1350172603
1385856956
25657277
25657280
1430224832
1449820098
31260611
25657282
1437204419
1396146120
28639182
28442575
28475345
472219602
506068947
1382547411
445546453
481853407
1377501157
863109097
65528
505446396
65533
1447493630
3932159
